# Camera parameter file. 

# The format of each camera is as follows:
# Filename (of the undistorted image in visualize folder)
# Original filename
# Focal Length (of the undistorted image)
# 2-vec Principal Point (image center)
# 3-vec Translation T (as in P = K[R T])
# 3-vec Camera Position C (as in P = K[R -RC])
# 3-vec Axis Angle format of R
# 4-vec Quaternion format of R
# 3x3 Matrix format of R
# [Normalized radial distortion] = [radial distortion] * [focal length]^2
# 3-vec Lat/Lng/Alt from EXIF

# The nubmer of cameras in this reconstruction
24

00000000.jpg
C:\Users\jun\Desktop\img\S__49274929.jpg
1150.10705566
554 739
-0.172926455654 -0.0101890477494 -0.101734444163
0.199523463964 -0.0220317716567 0.00788838197331
-1.56776896485 -0.336212963404 -0.328890461448
0.683390940996 -0.699264000874 -0.149959354476 -0.146693336249
0.911987041537 0.410220311976 0.000192977275526
0.00922472358666 -0.0209782426876 0.999737477127
0.410116434741 -0.911745257122 -0.0229160859076
-0.0210609720239
0 0 0

00000001.jpg
C:\Users\jun\Desktop\img\S__49274931.jpg
1107.55200195
554 739
0.639268889383 -0.223864127998 0.630880652649
-0.896535608241 0.0816304347583 0.215292727369
-1.51048693882 -0.525637932119 -0.547596283687
0.663551059084 -0.668473373005 -0.232623634427 -0.242341410172
0.774313717393 0.632617238425 0.0152820303818
-0.0106063590938 -0.0111723972292 0.999881229944
0.632712666348 -0.774383628563 -0.00194128811935
-0.0252641278135
0 0 0

00000002.jpg
C:\Users\jun\Desktop\img\S__49274930.jpg
1081.28210449
554 739
0.488613006017 -0.175169556832 -0.305679543371
-0.266163564021 -0.50864631794 0.182491503142
-1.47468849049 -0.397380049112 -0.457101193803
0.698774516968 -0.661704218426 -0.178307524953 -0.205104868003
0.85227637982 0.52261748976 0.0222441842772
-0.0506707305053 0.0401589781705 0.997907123629
0.52063120276 -0.851621058796 0.0607079442628
-0.0109862580136
0 0 0

00000003.jpg
C:\Users\jun\Desktop\img\S__49274935.jpg
1135.00097656
554 739
1.24019380937 -0.106989682698 0.840331781858
-1.46256587597 -0.319981759148 0.119154376671
-1.58354738628 -0.626716668588 -0.645894954255
0.613184101736 -0.686775061364 -0.271803283095 -0.28012079126
0.695310521597 0.716867114489 0.0514293579904
0.0298046514234 -0.100256389452 0.994514312131
0.718091165963 -0.689963884255 -0.0910751616601
-0.00252666698912
0 0 0

00000004.jpg
C:\Users\jun\Desktop\img\S__49274913.jpg
1141.48510742
554 739
1.15804292208 -0.689693795533 1.55099638908
-2.04107328648 -0.106660253225 0.212066515248
-1.32034202322 -0.578432549725 -0.922565070813
0.655676659549 -0.582501228199 -0.255189689277 -0.407012181231
0.538439024369 0.831033549541 0.139526203664
-0.236440000001 -0.0099328323775 0.971596053325
0.808813895731 -0.55613378463 0.191141335519
-0.0294374037004
0 0 0

00000005.jpg
C:\Users\jun\Desktop\img\S__49274915.jpg
1127.12524414
554 739
0.476512865764 -0.57884094873 1.45675096505
-1.25212220646 0.994619644786 0.356601473243
-1.41910214147 -0.364925554607 -0.523308086294
0.712348564096 -0.640113810096 -0.164606817463 -0.236048359863
0.834372581249 0.547031749774 0.0676807271973
-0.12556309105 0.0690712828279 0.989678915555
0.536710447437 -0.834257698365 0.126318043002
-0.0298852467326
0 0 0

00000006.jpg
C:\Users\jun\Desktop\img\S__49274932.jpg
1117.11694336
554 739
0.718462267704 -0.505971114033 0.359805628926
-0.882941142078 0 0.349384420892
-1.16572063579 -0.380580072413 -0.541884281762
0.783615032943 -0.540179627658 -0.176355805583 -0.251102057018
0.811692883548 0.58406215929 -0.00510963277019
-0.203007227438 0.290307687596 0.935152403061
0.547670608835 -0.758019103828 0.354209508271
-0.0155134318587
0 0 0

00000007.jpg
C:\Users\jun\Desktop\img\S__49274933.jpg
1106.2590332
554 739
1.22660440883 -0.555340160644 0.456114129547
-1.32065058368 -0.430219559802 0.302974467638
-1.12739453848 -0.439483587612 -0.710279446793
0.763845901352 -0.51858315585 -0.202155304136 -0.326716996119
0.704778695862 0.708791640931 0.0300289824688
-0.28945411262 0.248654656698 0.924330413037
0.647690984473 -0.660140059388 0.380408891488
-0.00978680035792
0 0 0

00000008.jpg
C:\Users\jun\Desktop\img\S__49274928.jpg
1142.56164551
554 739
-0.230851824771 -0.211827314598 -0.163100274325
0.252969844555 0.00629783095678 0.246437879148
-1.22905228796 -0.259107395965 -0.312823033194
0.797764417284 -0.572512579441 -0.120696446416 -0.145718065372
0.92839727881 0.370697875116 -0.0257236554308
-0.0942968749222 0.301991250936 0.948635377597
0.359425665543 -0.878285279706 0.315323732193
-0.0173084155906
0 0 0

00000009.jpg
C:\Users\jun\Desktop\img\S__49274927.jpg
1140.48242188
554 739
-0.321378339533 -0.266599771783 -0.336242621883
0.337769177901 -7.14966515929e-005 0.416329758877
-0.943397113399 -0.159691782494 -0.338657068514
0.873966635782 -0.451710269585 -0.0764624113179 -0.162153215801
0.935719760539 0.352510798643 0.0128413799343
-0.214355203337 0.539328170489 0.81435666205
0.280143765467 -0.764762156578 0.580222790811
-0.0166414934854
0 0 0

00000010.jpg
C:\Users\jun\Desktop\img\S__49274927_1.jpg
1140.58752441
554 739
-0.321257457004 -0.26652857853 -0.33610834334
0.337638740668 -1.00394404486e-005 0.416188104639
-0.943346570674 -0.159737685798 -0.338697407894
0.873973075718 -0.451687099437 -0.0764845648583 -0.162172900728
0.935700751089 0.35256391145 0.0128119310692
-0.214375083941 0.539357166023 0.814332084384
0.280193732646 -0.764717369843 0.580257831207
-0.0168222358266
0 0 0

00000011.jpg
C:\Users\jun\Desktop\img\S__49274927_0.jpg
1140.51245117
554 739
-0.321302101634 -0.266533097681 -0.336079314147
0.337668470571 1.67411169782e-005 0.416178047153
-0.943362988053 -0.159719242048 -0.338684755652
0.873971095908 -0.451694643541 -0.0764756801115 -0.162166728941
0.935707412324 0.352545494512 0.0128245803535
-0.214370640739 0.539347768987 0.814339624853
0.280174716183 -0.764732625673 0.58024672462
-0.0170277608641
0 0 0

00000012.jpg
C:\Users\jun\Desktop\img\S__49274927_2.jpg
1140.49609375
554 739
-0.321293573111 -0.266543924505 -0.33610447081
0.337666105775 -1.11022302463e-016 0.416200622406
-0.9433687141 -0.159722852147 -0.338689844373
0.873969241416 -0.451697088537 -0.0764773584384 -0.162169058963
0.935705032396 0.352550779871 0.0128248214448
-0.214372297899 0.539341876373 0.814343288494
0.280180257204 -0.76473415878 0.580242030993
-0.0170069776074
0 0 0

00000013.jpg
C:\Users\jun\Desktop\img\S__49274916.jpg
1101.42248535
554 739
-0.909398573783 -0.477648168316 1.68424473192
0.980108911794 1.66965210943 0.378788666669
-1.51230877363 0.0316486810726 0.0335479420756
0.727238772613 -0.686065672397 0.0143575664171 0.0152191747075
0.999124575042 -0.0418364555184 4.33680868994e-019
0.0024354402196 0.05816475603 0.998304060618
-0.0417655159155 -0.997430169485 0.0582155984975
-0.0276471666125
0 0 0

00000014.jpg
C:\Users\jun\Desktop\img\S__49274924.jpg
1142.24377441
554 739
-1.22916523162 -0.231285538735 0.0805315812487
1.24461609226 0.00201296227255 0.147481955646
-1.38472667853 0.0230763800193 0.117040227193
0.768100033098 -0.637967026765 0.0106316790004 0.0539224143738
0.993959119516 -0.0964010135677 -0.0524690084442
0.069270219493 0.180181150499 0.98119129454
-0.0851337804125 -0.978898682954 0.185770373364
-0.00586506599171
0 0 0

00000015.jpg
C:\Users\jun\Desktop\img\S__49274923.jpg
1141.34570313
554 739
-1.26386924902 -0.335450552063 -0.116982956301
1.27374367144 -0.0920274045131 0.30443998725
-1.00498844148 0.0384182560865 0.140551215425
0.873841750641 -0.48117967698 0.0183943250399 0.0672946928004
0.990266671982 -0.135311761421 -0.0326141376873
0.0999078872412 0.527875258087 0.843425678705
-0.0969090544661 -0.838473886515 0.536255690587
-0.00420006897208
0 0 0

00000016.jpg
C:\Users\jun\Desktop\img\S__49274926.jpg
1130.41064453
554 739
-1.20711140511 -0.075921080202 0.0686600581689
1.21138361027 -0.00210909482799 0.0119132850932
-1.73506241887 -0.00399024557269 0.0881290277105
0.64585636985 -0.762473981311 -0.00175351525981 0.0387283419297
0.996993926275 -0.0473518909873 -0.0613236684709
0.0526998943287 -0.165732853527 0.984761596273
-0.0567935924702 -0.985033114423 -0.162739270847
-0.00951662621137
0 0 0

00000017.jpg
C:\Users\jun\Desktop\img\S__49274926_0.jpg
1132.39086914
554 739
-1.20727760696 -0.0751755412938 0.0708186534902
1.21163273895 -2.22044604925e-016 0.0114995520019
-1.73441193453 -0.00387312586865 0.0882214619071
0.646102698477 -0.762263190361 -0.0017022145792 0.0387727803716
0.996987455397 -0.0475073112427 -0.0613097203742
0.0526974808595 -0.165096774943 0.984868647269
-0.0569104986421 -0.985132569697 -0.162095892539
-0.0102975247562
0 0 0

00000018.jpg
C:\Users\jun\Desktop\img\S__49274920.jpg
1078.98693848
554 739
-1.81725825214 -0.714209645744 0.27567603595
1.91390026415 -0.349405480943 0.321592621426
-0.956892885303 0.193830389674 0.500004424621
0.853330216574 -0.454818145926 0.0921289935472 0.23765573854
0.87006399713 -0.489401514669 -0.0589473518342
0.321793776686 0.4733204323 0.820010122317
-0.3734131679 -0.732430145542 0.56930540464
0
0 0 0

00000019.jpg
C:\Users\jun\Desktop\img\S__49274917.jpg
1115.92041016
554 739
-1.56815187592 -0.658879484198 2.27895286566
2.61381888918 1.10700583612 0.17128058294
-1.401056468 0.339565804447 0.535814352567
0.718615817436 -0.633499326492 0.153537500686 0.242272912783
0.835460170336 -0.542734094772 -0.0862905055441
0.153670494276 0.0799649025797 0.984881221288
-0.527628411794 -0.836089324121 0.150209699359
0
0 0 0

00000020.jpg
C:\Users\jun\Desktop\img\S__49274918.jpg
1124.18139648
554 739
-1.54305006454 -0.506503415355 1.77961096447
2.3213575574 0.626921132623 0.151107223741
-1.4200665168 0.369423921628 0.549413780058
0.708511958349 -0.639601595548 0.166389480289 0.247457373428
0.822158764316 -0.563498962756 -0.0807703835967
0.137807070265 0.0593493177823 0.988679337163
-0.552326129709 -0.823982178937 0.126448698396
0
0 0 0

00000021.jpg
C:\Users\jun\Desktop\img\S__49274919.jpg
1066.34729004
554 739
-1.62917145935 0.0280084384826 0.799836074462
1.80211555402 -0.154509093319 -0.152408696658
-1.4193481282 0.375544057202 0.452520902729
0.719181465079 -0.641909445755 0.169842248582 0.204655528895
0.8585394411 -0.512415622091 -0.0184458347587
0.076322230338 0.0921367462264 0.992817044495
-0.50703542343 -0.853780458091 0.118211731528
0
0 0 0

00000022.jpg
C:\Users\jun\Desktop\img\S__49274922.jpg
1094.27929688
554 739
-1.86405207208 -0.110923245259 0.642604492067
1.95732510602 -0.255747160014 -0.0583637963404
-1.44599213734 0.298087834503 0.417930641867
0.719853375751 -0.654128043863 0.134846937993 0.189060608405
0.892144786758 -0.448606147234 -0.0531996687952
0.0957775214947 0.0727451468156 0.992741066985
-0.441479762892 -0.890764055209 0.107865596749
0
0 0 0

00000023.jpg
C:\Users\jun\Desktop\img\S__49274921.jpg
1133.19714355
554 739
-1.83300379407 -0.411866547401 0.609593573696
1.95323922714 -0.28678158978 0.0612708851262
-1.19563282761 0.262069672627 0.487210072884
0.790782894453 -0.555512802637 0.121762346237 0.226366679478
0.867864113606 -0.493294881533 -0.0589240192062
0.222732710489 0.280327301704 0.933705939303
-0.444074341575 -0.823454148595 0.353158929325
0
0 0 0

